   0.50000   0.00500   0.30000   0.01180
   0.47567   0.47567   0.39967   0.30103
 113.98352 113.98352E-6   5.14441  59.77755E-6 
   0.20000   1.53000  -0.07000   1.53000  -0.07000   1.42900  -0.00003   1.50000  -0.35000
   0.25000   1.53000  -0.03000   1.53000  -0.03000   1.40400  -0.00000   1.62000  -0.45000
   0.30000   1.53000  -0.00800   1.53000  -0.00300   1.39500  -0.00000   1.74000  -0.47000
   0.33700   1.53000  -0.00800   1.53000  -0.00500   1.39200  -0.00000   1.75000  -0.47000
   0.40000   1.53000  -0.00800   1.53000  -0.00500   1.38500  -0.00000   1.75000  -0.46000
   0.48800   1.53000  -0.00800   1.53000  -0.00500   1.38200  -0.00000   1.75000  -0.45000
   0.51500   1.53000  -0.00800   1.53000  -0.00500   1.38100  -0.00000   1.75000  -0.45000
   0.55000   1.53000  -0.00800   1.53000  -0.00600   1.38100  -0.00000   1.75000  -0.44000
   0.63300   1.53000  -0.00800   1.53000  -0.00600   1.37700  -0.00000   1.75000  -0.43000
   0.69400   1.53000  -0.00800   1.53000  -0.00700   1.37600  -0.00000   1.75000  -0.43000
   0.86000   1.52000  -0.00800   1.52000  -0.01200   1.37200  -0.00000   1.75000  -0.43000
   1.06000   1.52000  -0.00800   1.52000  -0.01700   1.36700  -0.00006   1.75000  -0.44000
   1.30000   1.46000  -0.00800   1.51000  -0.02000   1.36500  -0.00014   1.76000  -0.45000
   1.53600   1.40000  -0.00800   1.51000  -0.02300   1.35900  -0.00024   1.77000  -0.46000
   1.80000   1.33000  -0.00800   1.46000  -0.01700   1.35100  -0.00031   1.79000  -0.48000
   2.00000   1.26000  -0.00800   1.42000  -0.00800   1.34700  -0.00107   1.80000  -0.49000
   2.25000   1.22000  -0.00900   1.42000  -0.01000   1.33400  -0.00085   1.81000  -0.50000
   2.50000   1.18000  -0.00900   1.42000  -0.01200   1.30900  -0.00239   1.82000  -0.51000
   2.70000   1.18000  -0.01300   1.40000  -0.05500   1.24900  -0.01560   1.83000  -0.52000
   3.00000   1.16000  -0.01200   1.42000  -0.02200   1.43900  -0.19700   1.84000  -0.54000
   3.20000   1.22000  -0.01000   1.43000  -0.00800   1.48100  -0.06690   1.86000  -0.54000
   3.39200   1.26000  -0.01300   1.43000  -0.00700   1.43900  -0.01510   1.87000  -0.55000
   3.50000   1.28000  -0.01100   1.45000  -0.00500   1.42300  -0.00717   1.88000  -0.56000
   3.75000   1.27000  -0.01100   1.45200  -0.00400   1.39800  -0.00290   1.90000  -0.57000
   4.00000   1.26000  -0.01200   1.45500  -0.00500   1.38800  -0.00369   1.92000  -0.58000
