   0.20000   1.51000  -0.00010   1.48900  -0.00008   1.45100  -0.00005   1.41100  -0.00001   1.40400  -0.00001   1.40100  -0.00000   1.39800  -0.00000   1.39700  -0.00000
   0.25000   1.51000  -0.00001   1.48300  -0.00000   1.43300  -0.00000   1.38100  -0.00000   1.37300  -0.00000   1.36800  -0.00000   1.36500  -0.00000   1.36300  -0.00000
   0.30000   1.51000  -0.00000   1.48100  -0.00000   1.42700  -0.00000   1.36900  -0.00000   1.36100  -0.00000   1.35600  -0.00000   1.35200  -0.00000   1.35100  -0.00000
   0.33710   1.51000  -0.00000   1.48000  -0.00000   1.42500  -0.00000   1.36600  -0.00000   1.35700  -0.00000   1.35200  -0.00000   1.34800  -0.00000   1.34700  -0.00000
   0.40000   1.50000  -0.00000   1.47100  -0.00000   1.41700  -0.00000   1.35900  -0.00000   1.35100  -0.00000   1.34600  -0.00000   1.34200  -0.00000   1.34100  -0.00000
   0.48800   1.50000  -0.00000   1.47000  -0.00000   1.41500  -0.00000   1.35600  -0.00000   1.34700  -0.00000   1.34200  -0.00000   1.33800  -0.00000   1.33700  -0.00000
   0.51450   1.50000  -0.00000   1.47000  -0.00000   1.41400  -0.00000   1.35500  -0.00000   1.34600  -0.00000   1.34100  -0.00000   1.33700  -0.00000   1.33600  -0.00000
   0.55000   1.50000  -0.00000   1.47000  -0.00000   1.41300  -0.00000   1.35400  -0.00000   1.34500  -0.00000   1.34000  -0.00000   1.33600  -0.00000   1.33500  -0.00000
   0.63280   1.49000  -0.00000   1.46100  -0.00000   1.40800  -0.00000   1.35200  -0.00000   1.34400  -0.00000   1.33900  -0.00000   1.33500  -0.00000   1.33400  -0.00000
   0.69430   1.49000  -0.00000   1.46100  -0.00000   1.40800  -0.00000   1.35100  -0.00000   1.34300  -0.00000   1.33800  -0.00000   1.33400  -0.00000   1.33300  -0.00000
   0.86000   1.48000  -0.00000   1.45300  -0.00000   1.40200  -0.00000   1.34800  -0.00000   1.34000  -0.00000   1.33500  -0.00000   1.33200  -0.00000   1.33000  -0.00000
   1.06000   1.47000  -0.00020   1.44400  -0.00016   1.39500  -0.00010   1.34400  -0.00003   1.33700  -0.00002   1.33200  -0.00001   1.32900  -0.00001   1.32700  -0.00001
   1.30000   1.47000  -0.00040   1.44300  -0.00030   1.39400  -0.00019   1.34200  -0.00008   1.33400  -0.00006   1.32900  -0.00005   1.32600  -0.00004   1.32400  -0.00004
   1.53600   1.46000  -0.00060   1.43400  -0.00051   1.38600  -0.00034   1.33600  -0.00016   1.32900  -0.00014   1.32400  -0.00012   1.32100  -0.00011   1.31900  -0.00010
   1.80000   1.45000  -0.00080   1.42500  -0.00068   1.37900  -0.00045   1.33000  -0.00020   1.32200  -0.00017   1.31800  -0.00014   1.31500  -0.00013   1.31300  -0.00012
   2.00000   1.45000  -0.00100   1.42400  -0.00102   1.37500  -0.00105   1.32400  -0.00109   1.31700  -0.00109   1.31200  -0.00110   1.30900  -0.00110   1.30700  -0.00110
   2.25000   1.44000  -0.00200   1.41300  -0.00171   1.36300  -0.00117   1.31100  -0.00060   1.30300  -0.00051   1.29800  -0.00046   1.29500  -0.00042   1.29300  -0.00041
   2.50000   1.43000  -0.00400   1.39900  -0.00359   1.34200  -0.00283   1.28300  -0.00203   1.27400  -0.00191   1.26800  -0.00184   1.26400  -0.00178   1.26300  -0.00176
   2.70000   1.40000  -0.00700   1.36200  -0.00918   1.29000  -0.01320   1.21500  -0.01750   1.20400  -0.01810   1.19700  -0.01850   1.19200  -0.01880   1.19000  -0.01890
   3.00000   1.61000  -0.01000   1.56700  -0.05760   1.48600  -0.14600   1.40100  -0.23900   1.38900  -0.25200   1.38100  -0.26100   1.37500  -0.26700   1.37300  -0.26900
   3.20000   1.49000  -0.00300   1.48800  -0.01920   1.48400  -0.04930   1.48000  -0.08100   1.47900  -0.08570   1.47900  -0.08870   1.47800  -0.09070   1.47800  -0.09150
   3.39230   1.48000  -0.00200   1.46900  -0.00534   1.45000  -0.01150   1.42900  -0.01810   1.42600  -0.01900   1.42400  -0.01960   1.42300  -0.02010   1.42300  -0.02020
   3.50000   1.48000  -0.00160   1.46500  -0.00302   1.43900  -0.00564   1.41000  -0.00841   1.40600  -0.00882   1.40300  -0.00907   1.40100  -0.00925   1.40100  -0.00932
   3.75000   1.47000  -0.00140   1.45200  -0.00178   1.41800  -0.00249   1.38200  -0.00323   1.37700  -0.00334   1.37300  -0.00341   1.37100  -0.00346   1.37000  -0.00348
   4.00000   1.48000  -0.00140   1.45700  -0.00198   1.41300  -0.00306   1.36700  -0.00419   1.36100  -0.00436   1.35600  -0.00447   1.35300  -0.00454   1.35200  -0.00457
