   0.20000   1.52400  -0.12600   1.51400  -0.11600   1.47100  -0.07480   1.43800  -0.04120   1.41900  -0.02290   1.40900  -0.01250   1.40100  -0.00505   1.39800  -0.00246
   0.25000   1.54800  -0.11400   1.53300  -0.10500   1.47100  -0.06690   1.42300  -0.03730   1.39600  -0.02070   1.38000  -0.01130   1.36900  -0.00457   1.36600  -0.00222
   0.30000   1.57200  -0.10000   1.55400  -0.09240   1.48000  -0.05890   1.42200  -0.03290   1.39000  -0.01830   1.37100  -0.00998   1.35800  -0.00402   1.35300  -0.00196
   0.33710   1.57400  -0.09870   1.55600  -0.09080   1.47900  -0.05800   1.42000  -0.03230   1.38700  -0.01790   1.36800  -0.00982   1.35400  -0.00395   1.34900  -0.00193
   0.40000   1.57400  -0.09670   1.55500  -0.08900   1.47700  -0.05680   1.41600  -0.03160   1.38200  -0.01760   1.36200  -0.00962   1.34800  -0.00387   1.34400  -0.00189
   0.48800   1.57400  -0.09470   1.55500  -0.08710   1.47500  -0.05560   1.41300  -0.03100   1.37800  -0.01720   1.35900  -0.00942   1.34500  -0.00379   1.34000  -0.00185
   0.51450   1.57400  -0.09470   1.55500  -0.08710   1.47500  -0.05560   1.41300  -0.03100   1.37800  -0.01720   1.35800  -0.00942   1.34400  -0.00379   1.33900  -0.00185
   0.55000   1.57400  -0.09330   1.55500  -0.08580   1.47400  -0.05480   1.41200  -0.03050   1.37700  -0.01700   1.35700  -0.00928   1.34300  -0.00374   1.33800  -0.00182
   0.63280   1.57400  -0.09130   1.55500  -0.08400   1.47400  -0.05360   1.41100  -0.02990   1.37600  -0.01660   1.35600  -0.00908   1.34200  -0.00366   1.33700  -0.00178
   0.69430   1.57400  -0.09180   1.55500  -0.08450   1.47400  -0.05390   1.41100  -0.03000   1.37500  -0.01670   1.35500  -0.00913   1.34100  -0.00368   1.33600  -0.00179
   0.86000   1.56600  -0.09460   1.54700  -0.08710   1.46800  -0.05560   1.40700  -0.03100   1.37200  -0.01720   1.35300  -0.00941   1.33800  -0.00379   1.33400  -0.00185
   1.06000   1.56600  -0.09940   1.54700  -0.09150   1.46700  -0.05840   1.40500  -0.03250   1.37000  -0.01810   1.35000  -0.00989   1.33600  -0.00399   1.33100  -0.00194
   1.30000   1.54800  -0.10300   1.53000  -0.09490   1.45500  -0.06060   1.39700  -0.03380   1.36400  -0.01880   1.34500  -0.01030   1.33200  -0.00417   1.32700  -0.00205
   1.53600   1.53600  -0.10700   1.51800  -0.09830   1.44600  -0.06270   1.38900  -0.03500   1.35800  -0.01950   1.34000  -0.01070   1.32700  -0.00437   1.32200  -0.00218
   1.80000   1.49500  -0.10700   1.48000  -0.09880   1.41900  -0.06310   1.37200  -0.03520   1.34500  -0.01960   1.33000  -0.01080   1.31900  -0.00441   1.31600  -0.00221
   2.00000   1.45800  -0.10400   1.44500  -0.09610   1.39500  -0.06170   1.35600  -0.03490   1.33400  -0.01990   1.32100  -0.01140   1.31200  -0.00524   1.30900  -0.00312
   2.25000   1.45000  -0.10800   1.43700  -0.09920   1.38500  -0.06340   1.34400  -0.03550   1.32100  -0.01990   1.30800  -0.01110   1.29800  -0.00469   1.29500  -0.00248
   2.50000   1.44200  -0.11100   1.42800  -0.10200   1.36700  -0.06580   1.32000  -0.03750   1.29400  -0.02160   1.27900  -0.01260   1.26800  -0.00611   1.26500  -0.00387
   2.70000   1.43300  -0.13800   1.41400  -0.12800   1.33200  -0.08880   1.26800  -0.05790   1.23300  -0.04060   1.21200  -0.03080   1.19800  -0.02380   1.19300  -0.02130
   3.00000   1.44200  -0.12300   1.43600  -0.13500   1.41200  -0.18500   1.39400  -0.22300   1.38400  -0.24500   1.37800  -0.25700   1.37400  -0.26600   1.37200  -0.26900
   3.20000   1.46600  -0.11500   1.46700  -0.11300   1.47100  -0.10600   1.47400  -0.09980   1.47600  -0.09650   1.47700  -0.09460   1.47800  -0.09330   1.47800  -0.09280
   3.39230   1.47700  -0.11700   1.47300  -0.10900   1.45400  -0.07710   1.44000  -0.05200   1.43200  -0.03800   1.42700  -0.03000   1.42400  -0.02430   1.42300  -0.02230
   3.50000   1.49500  -0.11700   1.48800  -0.10900   1.45600  -0.07280   1.43100  -0.04480   1.41700  -0.02900   1.40900  -0.02010   1.40400  -0.01370   1.40200  -0.01150
   3.75000   1.49800  -0.11900   1.48800  -0.11000   1.44500  -0.07120   1.41100  -0.04130   1.39200  -0.02450   1.38200  -0.01500   1.37400  -0.00812   1.37200  -0.00575
   4.00000   1.50100  -0.12200   1.48900  -0.11200   1.43900  -0.07330   1.40000  -0.04290   1.37800  -0.02590   1.36600  -0.01620   1.35700  -0.00929   1.35400  -0.00688
