   0.20000   1.53000  -0.07000   1.52300  -0.06640   1.50800  -0.05830   1.46100  -0.03390   1.43500  -0.02060   1.42600  -0.01570   1.40800  -0.00604   1.40300  -0.00343
   0.25000   1.53000  -0.03000   1.52100  -0.02840   1.50200  -0.02500   1.44300  -0.01450   1.41100  -0.00884   1.40000  -0.00673   1.37700  -0.00259   1.37000  -0.00147
   0.30000   1.53000  -0.00800   1.52100  -0.00759   1.50000  -0.00666   1.43700  -0.00387   1.40200  -0.00236   1.39000  -0.00179   1.36500  -0.00069   1.35800  -0.00039
   0.33710   1.53000  -0.00590   1.52000  -0.00559   1.49900  -0.00491   1.43500  -0.00286   1.40000  -0.00174   1.38600  -0.00132   1.36100  -0.00051   1.35400  -0.00029
   0.40000   1.53000  -0.00590   1.52000  -0.00559   1.49800  -0.00491   1.43100  -0.00286   1.39500  -0.00174   1.38200  -0.00132   1.35500  -0.00051   1.34800  -0.00029
   0.48800   1.53000  -0.00590   1.52000  -0.00559   1.49700  -0.00491   1.42900  -0.00286   1.39200  -0.00174   1.37900  -0.00132   1.35200  -0.00051   1.34500  -0.00029
   0.51450   1.53000  -0.00590   1.52000  -0.00559   1.49700  -0.00491   1.42900  -0.00286   1.39200  -0.00174   1.37800  -0.00132   1.35100  -0.00051   1.34400  -0.00029
   0.55000   1.53000  -0.00660   1.52000  -0.00626   1.49700  -0.00549   1.42800  -0.00319   1.39100  -0.00194   1.37700  -0.00148   1.35000  -0.00057   1.34300  -0.00032
   0.63280   1.53000  -0.00660   1.52000  -0.00626   1.49700  -0.00549   1.42800  -0.00319   1.39000  -0.00194   1.37600  -0.00148   1.34900  -0.00057   1.34200  -0.00032
   0.69430   1.53000  -0.00730   1.52000  -0.00692   1.49700  -0.00608   1.42700  -0.00353   1.39000  -0.00215   1.37600  -0.00164   1.34800  -0.00063   1.34100  -0.00036
   0.86000   1.52000  -0.01080   1.51000  -0.01020   1.48800  -0.00899   1.42100  -0.00523   1.38500  -0.00318   1.37200  -0.00242   1.34500  -0.00093   1.33800  -0.00053
   1.06000   1.52000  -0.01430   1.51000  -0.01360   1.48700  -0.01190   1.42000  -0.00692   1.38300  -0.00422   1.36900  -0.00321   1.34300  -0.00124   1.33500  -0.00070
   1.30000   1.49500  -0.01640   1.48600  -0.01560   1.46600  -0.01370   1.40600  -0.00796   1.37400  -0.00486   1.36200  -0.00371   1.33800  -0.00145   1.33100  -0.00084
   1.53600   1.47700  -0.01850   1.46900  -0.01750   1.45000  -0.01540   1.39500  -0.00901   1.36500  -0.00552   1.35400  -0.00423   1.33200  -0.00169   1.32600  -0.00100
   1.80000   1.42100  -0.01430   1.41500  -0.01360   1.40300  -0.01190   1.36500  -0.00698   1.34400  -0.00429   1.33600  -0.00330   1.32100  -0.00134   1.31700  -0.00081
   2.00000   1.37200  -0.00800   1.36900  -0.00764   1.36100  -0.00684   1.33800  -0.00444   1.32500  -0.00313   1.32100  -0.00265   1.31200  -0.00170   1.30900  -0.00144
   2.25000   1.36000  -0.00970   1.35600  -0.00922   1.34900  -0.00814   1.32500  -0.00490   1.31200  -0.00313   1.30700  -0.00248   1.29800  -0.00119   1.29500  -0.00085
   2.50000   1.34800  -0.01110   1.34300  -0.01060   1.33300  -0.00953   1.30300  -0.00627   1.28700  -0.00450   1.28100  -0.00384   1.26900  -0.00255   1.26500  -0.00220
   2.70000   1.33400  -0.04240   1.32600  -0.04120   1.31000  -0.03850   1.25900  -0.03030   1.23100  -0.02590   1.22100  -0.02420   1.20100  -0.02100   1.19500  -0.02010
   3.00000   1.34200  -0.01900   1.34400  -0.03210   1.34700  -0.06140   1.35700  -0.15000   1.36200  -0.19700   1.36400  -0.21500   1.36800  -0.25000   1.37000  -0.26000
   3.20000   1.36700  -0.00860   1.37300  -0.01290   1.38600  -0.02260   1.42400  -0.05180   1.44500  -0.06770   1.45300  -0.07360   1.46800  -0.08520   1.47300  -0.08830
   3.39230   1.37900  -0.00880   1.38100  -0.00940   1.38600  -0.01070   1.40100  -0.01480   1.40900  -0.01700   1.41200  -0.01780   1.41800  -0.01940   1.42000  -0.01980
   3.50000   1.39900  -0.00680   1.39900  -0.00693   1.39900  -0.00724   1.40000  -0.00814   1.40000  -0.00863   1.40000  -0.00882   1.40000  -0.00918   1.40000  -0.00927
   3.75000   1.39700  -0.00610   1.39600  -0.00597   1.39300  -0.00566   1.38300  -0.00476   1.37700  -0.00427   1.37500  -0.00408   1.37100  -0.00372   1.37000  -0.00363
   4.00000   1.39700  -0.00710   1.39400  -0.00697   1.38900  -0.00668   1.37300  -0.00581   1.36400  -0.00534   1.36100  -0.00516   1.35500  -0.00482   1.35300  -0.00472
