   0.20000   1.53000  -0.07000   1.52300  -0.06640   1.51000  -0.05980   1.47100  -0.03920   1.44100  -0.02350   1.43100  -0.01810   1.42100  -0.01280   1.41500  -0.00971
   0.25000   1.53000  -0.03000   1.52100  -0.02850   1.50500  -0.02560   1.45600  -0.01680   1.41800  -0.01010   1.40500  -0.00776   1.39300  -0.00551   1.38500  -0.00416
   0.30000   1.53000  -0.00800   1.52100  -0.00759   1.50400  -0.00683   1.45000  -0.00449   1.41000  -0.00269   1.39600  -0.00207   1.38200  -0.00147   1.37400  -0.00111
   0.33710   1.53000  -0.00590   1.52000  -0.00560   1.50300  -0.00504   1.44900  -0.00331   1.40700  -0.00198   1.39300  -0.00153   1.37900  -0.00108   1.37100  -0.00082
   0.40000   1.53000  -0.00590   1.52000  -0.00560   1.50200  -0.00504   1.44600  -0.00331   1.40300  -0.00198   1.38800  -0.00153   1.37400  -0.00108   1.36600  -0.00082
   0.48800   1.53000  -0.00590   1.52000  -0.00560   1.50100  -0.00504   1.44400  -0.00331   1.40100  -0.00198   1.38500  -0.00153   1.37100  -0.00108   1.36200  -0.00082
   0.51450   1.53000  -0.00590   1.52000  -0.00560   1.50100  -0.00504   1.44400  -0.00331   1.40000  -0.00198   1.38500  -0.00153   1.37000  -0.00108   1.36100  -0.00082
   0.55000   1.53000  -0.00660   1.52000  -0.00626   1.50100  -0.00563   1.44300  -0.00370   1.39900  -0.00222   1.38400  -0.00171   1.36900  -0.00121   1.36000  -0.00092
   0.63280   1.53000  -0.00660   1.52000  -0.00626   1.50100  -0.00563   1.44300  -0.00370   1.39900  -0.00222   1.38300  -0.00171   1.36800  -0.00121   1.35900  -0.00092
   0.69430   1.53000  -0.00730   1.52000  -0.00692   1.50100  -0.00623   1.44300  -0.00409   1.39800  -0.00245   1.38200  -0.00189   1.36800  -0.00134   1.35900  -0.00101
   0.86000   1.52000  -0.01080   1.51000  -0.01020   1.49200  -0.00922   1.43600  -0.00606   1.39300  -0.00363   1.37800  -0.00279   1.36400  -0.00198   1.35600  -0.00150
   1.06000   1.52000  -0.01430   1.51000  -0.01360   1.49200  -0.01220   1.43500  -0.00802   1.39100  -0.00481   1.37600  -0.00370   1.36200  -0.00263   1.35300  -0.00199
   1.30000   1.49500  -0.01640   1.48600  -0.01560   1.47000  -0.01400   1.41900  -0.00921   1.38100  -0.00553   1.36700  -0.00427   1.35500  -0.00306   1.34700  -0.00231
   1.53600   1.47700  -0.01850   1.46900  -0.01760   1.45400  -0.01580   1.40700  -0.01040   1.37100  -0.00620   1.35900  -0.00486   1.34700  -0.00348   1.34000  -0.00265
   1.80000   1.42100  -0.01430   1.41500  -0.01360   1.40500  -0.01220   1.37300  -0.00807   1.34900  -0.00488   1.34400  -0.00378   1.33200  -0.00272   1.32700  -0.00208
   2.00000   1.37200  -0.00800   1.36900  -0.00765   1.36200  -0.00699   1.34300  -0.00497   1.32800  -0.00342   1.32300  -0.00288   1.31800  -0.00237   1.31500  -0.00206
   2.25000   1.36000  -0.00970   1.35700  -0.00922   1.35000  -0.00834   1.33000  -0.00561   1.31500  -0.00352   1.31000  -0.00280   1.30400  -0.00210   1.30100  -0.00160
   2.50000   1.34800  -0.01110   1.34400  -0.01060   1.33500  -0.00973   1.31000  -0.00699   1.29000  -0.00489   1.28300  -0.00416   1.27700  -0.00346   1.27300  -0.00304
   2.70000   1.33400  -0.04240   1.32600  -0.04120   1.31300  -0.03900   1.27900  -0.03210   1.23700  -0.02690   1.22600  -0.02500   1.21500  -0.00233   1.20800  -0.02220
   3.00000   1.34200  -0.01900   1.34300  -0.03200   1.34600  -0.05600   1.35500  -0.13000   1.36100  -0.18700   1.36400  -0.20700   1.36600  -0.22600   1.36700  -0.23700
   3.20000   1.36700  -0.00860   1.37300  -0.01290   1.38300  -0.02090   1.41600  -0.04540   1.44100  -0.06420   1.44900  -0.07070   1.45800  -0.07700   1.46300  -0.08080
   3.39230   1.37900  -0.00880   1.38100  -0.00940   1.38500  -0.01050   1.39800  -0.01390   1.40800  -0.01650   1.41100  -0.01740   1.41400  -0.01830   1.41600  -0.01880
   3.50000   1.39900  -0.00680   1.39900  -0.00693   1.39900  -0.00718   1.39900  -0.00794   1.40000  -0.00853   1.40000  -0.00873   1.40000  -0.00892   1.40000  -0.00904
   3.75000   1.39700  -0.00610   1.39600  -0.00597   1.39300  -0.00572   1.38500  -0.00496   1.37900  -0.00437   1.37600  -0.00417   1.37400  -0.00390   1.37300  -0.00386
   4.00000   1.39700  -0.00710   1.39400  -0.00697   1.39000  -0.00673   1.37700  -0.00600   1.36600  -0.00544   1.36300  -0.00525   1.35900  -0.00506   1.35700  -0.00495
