   0.20000   1.52400  -0.12600   1.51500  -0.11700   1.47700  -0.07980   1.44200  -0.04540   1.42300  -0.02680   1.41300  -0.01670   1.40500  -0.00913   1.40200  -0.00613
   0.25000   1.54800  -0.11400   1.53500  -0.10600   1.48000  -0.07220   1.42900  -0.04110   1.40200  -0.02430   1.38700  -0.01510   1.37500  -0.00826   1.37100  -0.00555
   0.30000   1.57200  -0.10000   1.55600  -0.09320   1.49000  -0.06360   1.42900  -0.03620   1.39600  -0.02140   1.37900  -0.01330   1.36500  -0.00728   1.36000  -0.00489
   0.33710   1.57400  -0.09870   1.55800  -0.09170   1.49000  -0.06250   1.42700  -0.03560   1.39400  -0.02100   1.37500  -0.01310   1.36200  -0.00716   1.35600  -0.00480
   0.40000   1.57400  -0.09670   1.55700  -0.08980   1.48800  -0.06120   1.42400  -0.03480   1.38900  -0.02060   1.37000  -0.01280   1.35600  -0.00701   1.35000  -0.00471
   0.48800   1.57400  -0.09470   1.55700  -0.08800   1.48600  -0.06000   1.42100  -0.03410   1.38600  -0.02020   1.36700  -0.01250   1.35200  -0.00687   1.34700  -0.00461
   0.51450   1.57400  -0.09470   1.55700  -0.08800   1.48600  -0.06000   1.42000  -0.03410   1.38500  -0.02020   1.36600  -0.01250   1.35100  -0.00687   1.34600  -0.00461
   0.55000   1.57400  -0.09330   1.55700  -0.08660   1.48600  -0.05910   1.42000  -0.03360   1.38400  -0.01990   1.36500  -0.01240   1.35000  -0.00676   1.34500  -0.00454
   0.63280   1.57400  -0.09130   1.55700  -0.08480   1.48500  -0.05780   1.41900  -0.03290   1.38400  -0.01940   1.36400  -0.01210   1.35000  -0.00662   1.34400  -0.00444
   0.69430   1.57400  -0.09180   1.55700  -0.08530   1.48500  -0.05810   1.41900  -0.03310   1.38300  -0.01960   1.36300  -0.01220   1.34900  -0.00666   1.34300  -0.00447
   0.86000   1.56600  -0.09460   1.54900  -0.08790   1.47900  -0.05990   1.41400  -0.03410   1.37900  -0.02010   1.36000  -0.01250   1.34600  -0.00686   1.34100  -0.00461
   1.06000   1.56600  -0.09940   1.54900  -0.09230   1.47800  -0.06300   1.41200  -0.03580   1.37700  -0.02120   1.35800  -0.01320   1.34300  -0.00721   1.33800  -0.00484
   1.30000   1.54800  -0.10300   1.53200  -0.09580   1.46500  -0.06530   1.40400  -0.03720   1.37100  -0.02200   1.35300  -0.01370   1.33900  -0.00751   1.33400  -0.00505
   1.53600   1.53600  -0.10700   1.52000  -0.09920   1.45600  -0.06770   1.39600  -0.03850   1.36400  -0.02280   1.34700  -0.01420   1.33400  -0.00783   1.32900  -0.00529
   1.80000   1.49500  -0.10700   1.48200  -0.09980   1.42800  -0.06810   1.37800  -0.03880   1.35100  -0.02300   1.33600  -0.01430   1.32500  -0.00789   1.32100  -0.00534
   2.00000   1.45800  -0.10400   1.44700  -0.09700   1.40200  -0.06650   1.36100  -0.03830   1.33800  -0.02310   1.32600  -0.01480   1.31700  -0.00859   1.31300  -0.00613
   2.25000   1.45000  -0.10800   1.43900  -0.10000   1.39200  -0.06840   1.34900  -0.03910   1.32600  -0.02320   1.31300  -0.01460   1.30300  -0.00817   1.30000  -0.00562
   2.50000   1.44200  -0.11100   1.42900  -0.10300   1.37600  -0.07080   1.32600  -0.04100   1.30000  -0.02500   1.28500  -0.01620   1.27400  -0.00965   1.27000  -0.00705
   2.70000   1.43300  -0.13800   1.41600  -0.12900   1.34300  -0.09430   1.27600  -0.06180   1.24000  -0.04430   1.22000  -0.03480   1.20600  -0.02760   1.20000  -0.02480
   3.00000   1.44200  -0.12300   1.43700  -0.13400   1.41600  -0.17800   1.39600  -0.21800   1.38600  -0.24000   1.38000  -0.25200   1.37600  -0.26100   1.37400  -0.26500
   3.20000   1.46600  -0.11500   1.46600  -0.11300   1.47000  -0.10700   1.47400  -0.10000   1.47500  -0.09720   1.47600  -0.09540   1.47700  -0.09403   1.47700  -0.09350
   3.39230   1.47700  -0.11700   1.47300  -0.11000   1.45700  -0.08160   1.44200  -0.05520   1.43400  -0.04100   1.42900  -0.03320   1.42600  -0.02740   1.42500  -0.02510
   3.50000   1.49500  -0.11700   1.48800  -0.11000   1.46000  -0.07780   1.43400  -0.04830   1.42000  -0.03240   1.41300  -0.02370   1.40700  -0.01720   1.40500  -0.01470
   3.75000   1.49800  -0.11900   1.48900  -0.11100   1.45100  -0.07660   1.41500  -0.04510   1.39600  -0.02810   1.38600  -0.01880   1.37600  -0.01190   1.37500  -0.09120
   4.00000   1.50100  -0.12200   1.49000  -0.11300   1.44600  -0.07870   1.40500  -0.04680   1.38300  -0.02950   1.37100  -0.02010   1.36200  -0.01310   1.35800  -0.01030
